idmonitoreodiario,fechamonitoreo,clavesih,nombreoficial,nombrecomun,estado,nommunicipio,regioncna,latitud,longitud,uso,corriente,tipovertedor,inicioop,elevcorona,bordolibre,nameelev,namealmac,namoelev,namoalmac,alturacortina,elevacionactual,almacenaactual,llenano
763162,2004-05-01,PRGHD          ,"Javier Rojo Gómez, Hgo.                                                                                                                               ","La Peña, Hgo.                                     ",Hidalgo                                           ,Alfajayucan                                                                                                                                           ,Aguas del Valle de México,20.3597,-99.3294,RI                                           ,R. Alfajayucan                ,Contr,1979 ,1980.96,1.3,1977.84,43.317,1976.84,39.99,60,1966.72,26.708,0.667867
763151,2004-05-01,PRQHD          ,"Requena, Hgo.                                                                                                                                         ","Requena, Hgo.                                     ",Hidalgo                                           ,Tula de Allende                                                                                                                                       ,Aguas del Valle de México,19.9631,-99.3108,RI                                           ,R. Tula                       ,Mixto,     ,2116.59,1.5,2110.3,61.519,2109,51.56,38,2105.81,32.455,0.629461
763152,2004-05-01,PVAHD          ,"Vicente Aguirre, Hgo.                                                                                                                                 ","Las Golondrinas, Hgo.                             ",Hidalgo                                           ,Alfajayucan                                                                                                                                           ,Aguas del Valle de México,20.4356,-99.3758,RI                                           ,R. Alfajayucan                ,Libre,1954 ,1865.9,7.4,1855.5,19.685,1854.9,17.799,27,1849.76,3.31,0.185966
763153,2004-05-01,BDDPB          ,"Manuel Ávila Camacho, Pue.                                                                                                                            ","Valsequillo o Balcón del Diablo, Pue.             ",Puebla                                            ,Puebla                                                                                                                                                ,Balsas,18.9125,-98.1086,RI                                           ,R. Atoyac                     ,Libre,1946 ,2064,2,2062,391.489,2059.02,300.654,85,2053.71,184.901,0.614996
763154,2004-05-01,AFIGR          ,"Andrés Figueroa, Gro.                                                                                                                                 ","Las Garzas, Gro.                                  ",Guerrero                                          ,Ajuchitlán del Progreso                                                                                                                               ,Balsas,18.0758,-100.518,RI                                           ,R. Ajuchitán                  ,Libre,1984 ,385,2.39001,382.61,133.029,377,102.5,72.5,367.4,62.88,0.613463
763155,2004-05-01,VGRGR          ,"Vicente Guerrero, Gro.                                                                                                                                ","Palos Altos, Gro.                                 ",Guerrero                                          ,Arcelia                                                                                                                                               ,Balsas,18.3828,-100.266,AP/RI                                        ,R. Poliutla                   ,Libre,1968 ,433,2.70001,430.3,300,425,249.49,67.5,412.22,121.06,0.48523
763156,2004-05-01,GDLMX          ,"Sierra de Guadalupe, Méx.                                                                                                                             ","Guadalupe,Méx.                                    ",Estado de México                                  ,Cuautitlán Izcalli                                                                                                                                    ,Aguas del Valle de México,19.6356,-99.2522,RI                                           ,R. Cuautitlán                 ,Libre,1936 ,2308.75,1.92993,2306.82,64.08,2305.2,56.91,33,2299.79,36.383,0.639308
763157,2004-05-01,PUCMC          ,"Pucuato, Mich.                                                                                                                                        ","Pucuato, Mich.                                    ",Michoacán de Ocampo                               ,Hidalgo                                                                                                                                               ,Balsas,19.6214,-100.684,RI                                           ,A. Los Charcos                ,Libre,1946 ,2501.25,1.25,2500,11.534,2499,9.485,15,2496.71,5.668,0.597575
763158,2004-05-01,AGOMC          ,"Agostitlán, Mich.                                                                                                                                     ","Mata de Pinos, Mich.                              ",Michoacán de Ocampo                               ,Hidalgo                                                                                                                                               ,Balsas,19.5797,-100.609,RI                                           ,A. El Chaparro                ,Libre,1955 ,2379,1.16,2377.84,18.754,2376.6,15.675,25,2374.53,11.372,0.725486
763159,2004-05-01,VBRMX          ,"Valle de Bravo, Méx.                                                                                                                                  ","Valle de Bravo, Méx.                              ",Estado de México                                  ,Valle de Bravo                                                                                                                                        ,Balsas,19.2075,-100.18,AP                                           ,R. Valle de Bravo             ,Libre,1947 ,1835.37,2.5,1833,449.42,1830,394.39,56,1826.8,338.634,0.858627
763160,2004-05-01,EGLGR          ,"El Gallo, Gro.                                                                                                                                        ","El Gallo, Gro.                                    ",Guerrero                                          ,Cutzamala de Pinzón                                                                                                                                   ,Balsas,18.7031,-100.671,GH/RI                                        ,R. Cutzamala                  ,Libre,1998 ,370.5,2.5,368,545.966,362.78,400.039,67.5,362.06,422.494,1.05613
763161,2004-05-01,LCLGR          ,"La Calera, Gro.                                                                                                                                       ","La Calera, Gro.                                   ",Guerrero                                          ,Zirándaro                                                                                                                                             ,Balsas,18.4186,-101.003,RI                                           ,R. Chiquito o El Oro          ,Libre,1964 ,124.3,1.68,122.62,34.1928,118,9.393,31.8,117.1,18,1.91632
763184,2004-05-01,JSBCP          ,"Juan Sabines, Chis.                                                                                                                                   ","El Portillo II o Cuxtepeques, Chis.               ",Chiapas                                           ,La Concordia                                                                                                                                          ,Frontera Sur,15.9964,-92.8986,RI                                           ,R. Cuxtepeques                ,Libre,1981 ,620.25,1.97998,618.27,116.11,612.12,68.15,46,605.77,36.2883,0.532477
763185,2004-05-01,NNEPB          ,"Necaxa, Pue.                                                                                                                                          ","Necaxa, Pue.                                      ",Puebla                                            ,Juan Galindo                                                                                                                                          ,Golfo Centro,20.2167,-98.0006,GH                                           ,R. Necaxa                     ,Libre,1908 ,1344,1,1343,39.283,1338,29.055,59,1324.5,9.655,0.332301
763186,2004-05-01,LCRDR          ,"Lázaro Cárdenas, Dgo.                                                                                                                                 ","El Palmito, Dgo.                                  ",Durango                                           ,Indé                                                                                                                                                  ,Cuencas Centrales del Norte,25.5942,-105.016,RI                                           ,R. Nazas                      ,Contr,1946 ,1635,3,1632,4278.54,1622.46,2957.61,100,1598.76,1127.12,0.381091
763187,2004-05-01,LNRDR          ,"Los Naranjos, Dgo.                                                                                                                                    ","Los Naranjos, Dgo.                                ",Durango                                           ,General Simón Bolívar                                                                                                                                 ,Cuencas Centrales del Norte,24.6131,-103.307,RI                                           ,R. Santa Clara                ,Libre,1985 ,1663,1.91003,1661.09,27.39,1658.4,20.928,48,1650.6,12.908,0.616781
763188,2004-05-01,LREZC          ,"Gobernador Leobardo Reynoso, Zac.                                                                                                                     ","Trujillo, Zac.                                    ",Zacatecas                                         ,Fresnillo                                                                                                                                             ,Cuencas Centrales del Norte,23.1794,-103.207,RI                                           ,R. San Francisco o Los Lazos  ,Libre,1946 ,2131.85,2.31997,2129.53,125.921,2127.35,95.717,40.34,2125.4,93.263,0.974362
763189,2004-05-01,VHGDR          ,"Villa Hidalgo, Dgo.                                                                                                                                   ","Villa Hidalgo, Dgo.                               ",Durango                                           ,Hidalgo                                                                                                                                               ,Cuencas Centrales del Norte,26.2425,-104.929,RI                                           ,A. Cerro Gordo                ,Libre,1977 ,1731.28,1.73,1729.55,39.555,1726.23,23.08,34.2,1721.42,19.234,0.833362
763190,2004-05-01,TENPB          ,"Tenango, Pue.                                                                                                                                         ","Tenango, Pue.                                     ",Puebla                                            ,Huauchinango                                                                                                                                          ,Golfo Centro,20.1994,-97.9833,GH                                           ,R. Coacuila                   ,Libre,1912 ,1353,2,1351.4,46.576,1345.6,28.479,39,1338.55,13.977,0.490783
763191,2004-05-01,LLAHD          ,"La Laguna, Hgo.                                                                                                                                       ","Tejocotal, Pue.                                   ",Hidalgo                                           ,Acaxochitlán                                                                                                                                          ,Golfo Centro,20.1356,-98.1283,RI                                           ,A. Huitzilin                  ,Libre,1903 ,2185,1,2184.5,49.227,2183,40.638,19,2176.63,12.522,0.308135
763192,2004-05-01,MALCP          ,"Nezahualcóyotl, Chis.                                                                                                                                 ","Malpaso, Chis.                                    ",Chiapas                                           ,Mezcalapa                                                                                                                                             ,Frontera Sur,17.1786,-93.5989,GH                                           ,R. Grijalva o Mezcalapa       ,Contr,1964 ,192,4,188,14056.3,182.5,9317.39,138,172.12,6368.77,0.683536
763193,2004-05-01,PENCP          ,"Ángel Albino Corzo, Chis.                                                                                                                             ","Peñitas, Chis.                                    ",Chiapas                                           ,Ostuacán                                                                                                                                              ,Frontera Sur,17.4461,-93.4586,GH                                           ,R. Grijalva                   ,Contr,1986 ,98,5,95.5,578.63,87.4,215.041,58,86.2,844.52,3.92725
763194,2004-05-01,NEXPB          ,"Nexapa, Pue.                                                                                                                                          ","Nexapa, Pue.                                      ",Puebla                                            ,Tlaola                                                                                                                                                ,Golfo Centro,20.1683,-97.9847,GH                                           ,R. Nexapa                     ,Libre,1912 ,1364,1,1362.35,15.313,1360,12.5,44,1360.44,16.193,1.29544
763206,2004-05-01,VGRTP          ,"Vicente Guerrero, Tamps.                                                                                                                              ","Las Adjuntas, Tamps.                              ",Tamaulipas                                        ,Padilla                                                                                                                                               ,Golfo Norte,23.9594,-98.6664,AP/RI                                        ,R. Soto La Marina             ,Contr,1967 ,148,4.12001,144.04,5498.23,140.44,3910.69,62,133.91,1823,0.466158
763207,2004-05-01,CNSQT          ,"Constitución de 1917, Qro.                                                                                                                            ","Hidalgo, Qro.                                     ",Querétaro                                         ,San Juan del Río                                                                                                                                      ,Golfo Norte,20.4186,-100.08,RI                                           ,Dren Caracol                  ,Contr,1969 ,1937,1.55005,1928.39,76.461,1927.06,66.08,35,1919.56,20.412,0.308898
763208,2004-05-01,CNTQT          ,"El Centenario, Qro.                                                                                                                                   ","El Centenario, Qro.                               ",Querétaro                                         ,Tequisquiapan                                                                                                                                         ,Golfo Norte,20.5133,-99.8978,RI                                           ,R. San Juan                   ,Mixto,1910 ,1898,0.51001,1882.5,14.178,1881.55,9.781,13,1879.89,4.712,0.48175
763209,2004-05-01,HPNMX          ,"Huapango, Méx.                                                                                                                                        ","Huapango, Méx.                                    ",Estado de México                                  ,Timilpan                                                                                                                                              ,Aguas del Valle de México,20.0464,-99.6969,RI                                           ,R. Huapango                   ,Libre,1765 ,2513,0.199951,2512.8,126.5,2512.65,121.3,14,2510.81,51.12,0.421434
763210,2004-05-01,ELOSL          ,"Cañada del Lobo, S.L.P.                                                                                                                               ","Cañada del Lobo, S.L.P.                           ",San Luis Potosí                                   ,San Luis Potosí                                                                                                                                       ,Cuencas Centrales del Norte,22.0947,-100.968,CA                                           ,R. Españita                   ,Libre,1987 ,1963.7,1.54998,1962.1,2.161,1958.8,1.244,28,1954.1,0.293,0.235531
763211,2004-05-01,LREHD          ,"Los Reyes, Hgo.                                                                                                                                       ","Omiltepec, Pue.                                   ",Hidalgo                                           ,Acaxochitlán                                                                                                                                          ,Golfo Centro,20.1747,-98.1319,RI                                           ,R. Omiltepec                  ,Libre,1913 ,2168.5,1.5,2167,29.263,2165,24.031,30,2158.18,10.589,0.440639
763212,2004-05-01,PJMTP          ,"Pedro José Méndez, Tamps.                                                                                                                             ","Pedro J. Méndez, Tamps.                           ",Tamaulipas                                        ,Hidalgo                                                                                                                                               ,Golfo Norte,24.2475,-99.5558,RI                                           ,R. San Juan                   ,Libre,1982 ,453,3.60001,449.4,38.36,447.22,31.26,55,447.22,31.26,1
763213,2004-05-01,RSPTP          ,"República Española, Tamps.                                                                                                                            ","Real Viejo o El Sombrero, Tamps.                  ",Tamaulipas                                        ,Aldama                                                                                                                                                ,Golfo Norte,23.2594,-97.9919,AP                                           ,A. San Pedro                  ,Libre,1974 ,92,2.57,89.43,105.99,83,54.78,30,82.82,53.05,0.968419
763214,2004-05-01,PNDMX          ,"Ñadó, Méx.                                                                                                                                            ","Ñadó, Méx.                                        ",Estado de México                                  ,Aculco                                                                                                                                                ,Aguas del Valle de México,20.0386,-99.8644,RI                                           ,R. Ñadó                       ,Libre,1980 ,2477.5,2,2475.5,18.85,2474,16.8,52.5,2466.16,8.47,0.504167
763215,2004-05-01,PMNMX          ,"El Molino, Méx.                                                                                                                                       ","El Molino, Méx.                                   ",Estado de México                                  ,Aculco                                                                                                                                                ,Aguas del Valle de México,20.1242,-99.7397,RI                                           ,A. Zarco                      ,Libre,1980 ,2491,0,2385.09,8.7,2384.4,7.7,12,2380.2,2.006,0.260519
763227,2004-05-01,CPAMC          ,"Copándaro, Mich.                                                                                                                                      ","Copándaro de Dolores, Mich.                       ",Michoacán de Ocampo                               ,Jiquilpan                                                                                                                                             ,Lerma-Santiago-Pacífico,20.0017,-102.861,RI                                           ,R. La Patera                  ,Libre,1927 ,1999,9.79,1989.21,9.717,1987.66,2.752,5.7,1985.72,1.519,0.551962
763228,2004-05-01,PERHD          ,"La Esperanza, Hgo.                                                                                                                                    ","La Esperanza, Hgo.                                ",Hidalgo                                           ,Cuautepec de Hinojosa                                                                                                                                 ,Golfo Norte,20.0575,-98.3347,RI                                           ,R. Santa María                ,Libre,1943 ,2210.6,0.999902,2209.6,4.2,2207.7,3.92,28.7,2203.82,3,0.765306
763229,2004-05-01,EPLGJ          ,"El Palote, Gto.                                                                                                                                       ","El Palote, Gto.                                   ",Guanajuato                                        ,León                                                                                                                                                  ,Lerma-Santiago-Pacífico,21.1736,-101.679,AP                                           ,R. De Los Gómez               ,Libre,1954 ,1839.5,0.9,1838.6,17.161,1836.15,9.643,20.5,1834.48,6.062,0.628643
763230,2004-05-01,MOCMC          ,"Melchor Ocampo, Mich.                                                                                                                                 ","El Rosario, Mich.                                 ",Michoacán de Ocampo                               ,Angamacutiro                                                                                                                                          ,Lerma-Santiago-Pacífico,20.1272,-101.724,RI                                           ,R. Angúlo                     ,Libre,1975 ,1716.5,2.08997,1714.41,249.843,1711.9,194.454,34,1709.08,145.628,0.748907
763231,2004-05-01,LDFMC          ,"Laguna del Fresno, Mich.                                                                                                                              ","Laguna del Fresno, Mich.                          ",Michoacán de Ocampo                               ,Maravatío                                                                                                                                             ,Lerma-Santiago-Pacífico,19.8381,-100.406,RI                                           ,R. Cachiví                    ,Libre,1946 ,2059,2,2057,13.132,2055.98,10.299,8.8,2052.99,2.986,0.289931
763232,2004-05-01,HRTJL          ,"Hurtado, Jal.                                                                                                                                         ","Valencia, Jal.                                    ",Jalisco                                           ,Acatlán de Juárez                                                                                                                                     ,Lerma-Santiago-Pacífico,20.4669,-103.651,RI                                           ,A. San Antonio                ,Libre,1879 ,1464,1.34,1462.66,22.624,1462.66,22.624,10.35,1460.61,11.852,0.523868
763233,2004-05-01,GUAMC          ,"Guaracha, Mich.                                                                                                                                       ","San Antonio, Mich.                                ",Michoacán de Ocampo                               ,Villamar                                                                                                                                              ,Lerma-Santiago-Pacífico,19.9792,-102.541,RI                                           ,A. sin nombre                 ,Libre,1913 ,1596.72,0,1580.11,29.79,1580.01,28.677,8,1577.8,17.048,0.594483
763234,2004-05-01,SBBMX          ,"José Antonio Alzate, Méx.                                                                                                                             ","San Bernabé, Méx.                                 ",Estado de México                                  ,Temoaya                                                                                                                                               ,Lerma-Santiago-Pacífico,19.4658,-99.7047,RI                                           ,R. Lerma                      ,Libre,1962 ,2567,1.58008,2566.92,52.509,2565.5,35.312,24,2562.3,11.76,0.333031
763235,2004-05-01,TPTMX          ,"San Andrés Tepetitlán, Méx.                                                                                                                           ","Tepetitlán,Méx.                                   ",Estado de México                                  ,San Felipe del Progreso                                                                                                                               ,Lerma-Santiago-Pacífico,19.6608,-99.9614,RI                                           ,R. San José                   ,Libre,1964 ,2597.38,2.92004,2594.46,81.029,2592.02,59.966,35,2588.01,39.452,0.657906
763236,2004-05-01,COIMC          ,"Cointzio, Mich.                                                                                                                                       ","Cointzio, Mich.                                   ",Michoacán de Ocampo                               ,Morelia                                                                                                                                               ,Lerma-Santiago-Pacífico,19.6297,-101.259,AP/RI                                        ,R. Grande de Morelia          ,Contr,1939 ,1997,1.50005,2001.32,79.233,1999.47,68.52,46,1987.09,52.596,0.767601
763237,2004-05-01,PRSGJ          ,"La Purísima, Gto.                                                                                                                                     ","La Purísima, Gto.                                 ",Guanajuato                                        ,Guanajuato                                                                                                                                            ,Lerma-Santiago-Pacífico,20.8672,-101.288,RI                                           ,R. Guanajuato                 ,Contr,     ,1863,0,1860.7,181.926,1853.47,110,43,1845.71,63.834,0.580309
763238,2004-05-01,MABGJ          ,"Mariano Abasolo, Gto.                                                                                                                                 ","San Antonio de Aceves, Gto.                       ",Guanajuato                                        ,Pénjamo                                                                                                                                               ,Lerma-Santiago-Pacífico,20.5072,-101.931,RI                                           ,A. los Otates                 ,Libre,1971 ,1755,1.92,1753.08,23.946,1751.3,20.079,43,1741.36,5.472,0.272524
763239,2004-05-01,DGNMC          ,"De Gonzalo, Mich.                                                                                                                                     ","De Gonzalo, Mich.                                 ",Michoacán de Ocampo                               ,Vista Hermosa                                                                                                                                         ,Lerma-Santiago-Pacífico,20.3044,-102.437,RI                                           ,A. sin nombre                 ,Libre,1890 ,1535.83,0.93,1534.9,10,1533.88,8.837,10,1533.3,2.798,0.316623
763240,2004-05-01,PFBMX          ,"Francisco José Trinidad Fabela, Méx.                                                                                                                  ","Islas de las Aves o El Salto, Méx.                ",Estado de México                                  ,Atlacomulco                                                                                                                                           ,Lerma-Santiago-Pacífico,19.8292,-99.7903,RI                                           ,R. Del Salto                  ,Libre,1945 ,2697.5,1.69995,2697.8,12.32,2696.7,9.93,19.15,2692.71,3.49,0.35146
763241,2004-05-01,TMUMC          ,"Tercer Mundo, Mich.                                                                                                                                   ","Chincua, Mich.                                    ",Michoacán de Ocampo                               ,Senguio                                                                                                                                               ,Lerma-Santiago-Pacífico,19.7664,-100.299,RI                                           ,R. Chincua                    ,Libre,1972 ,2431.2,2.41992,2428.58,17.332,2427.58,14.972,32,2420.14,2.386,0.159364
763242,2004-05-01,MLPMC          ,"Malpaís, Mich.                                                                                                                                        ","La Ciénega, Mich.                                 ",Michoacán de Ocampo                               ,Queréndaro                                                                                                                                            ,Lerma-Santiago-Pacífico,19.8292,-100.874,RI                                           ,R. Quérendaro                 ,Mixto,1938 ,1830.96,1,1843.56,27.249,1842.53,18.512,7,1840.36,9.352,0.505186
763243,2004-05-01,CHLJL          ,"Chila, Jal.                                                                                                                                           ","Chila, Jal.                                       ",Jalisco                                           ,Zapotlán del Rey                                                                                                                                      ,Lerma-Santiago-Pacífico,20.4897,-102.944,RI                                           ,A. Chila                      ,Libre,1945 ,1525.88,1,99,1,98.7,0.762,10,96.14,0.318,0.417323
763244,2004-05-01,PNLGJ          ,"Peñuelitas, Gto.                                                                                                                                      ","Peñuelitas, Gto.                                  ",Guanajuato                                        ,Dolores Hidalgo Cuna de la Independencia Nacional                                                                                                     ,Lerma-Santiago-Pacífico,21.105,-100.878,RI                                           ,R. De la Erre                 ,Libre,1960 ,1908.2,0.91,1907.29,30.169,1904.7,17.46,28,1903.03,17.317,0.99181
763245,2004-05-01,SA1JL          ,"La Sauceda, Jal.                                                                                                                                      ","Garabatillos, Jal.                                ",Jalisco                                           ,Lagos de Moreno                                                                                                                                       ,Lerma-Santiago-Pacífico,21.3592,-101.836,RI                                           ,R. La Sauceda                 ,Libre,1982 ,1923,1.96997,1921.03,21.5,1918.9,16,38.1,1917.35,12.64,0.79
763246,2004-05-01,JARMC          ,"Jaripo, Mich.                                                                                                                                         ","Jaripo, Mich.                                     ",Michoacán de Ocampo                               ,Villamar                                                                                                                                              ,Lerma-Santiago-Pacífico,19.9583,-102.602,RI                                           ,A. sin nombre                 ,Libre,1951 ,1548.5,2.2,1580.42,9.265,1578.91,6.028,20,1574.6,2.584,0.428666
763247,2004-05-01,UREMC          ,"Urepetiro, Mich.                                                                                                                                      ","Urepetiro, Mich.                                  ",Michoacán de Ocampo                               ,Tlazazalca                                                                                                                                            ,Lerma-Santiago-Pacífico,19.9622,-102.138,RI                                           ,R. Tlazazalca                 ,Libre,1964 ,1752.5,1.5,1745.68,10.923,1745,8.282,31,1745.28,6.45,0.778797
763248,2004-05-01,ESLJL          ,"El Salto, Jal.                                                                                                                                        ","El Salto, Jal.                                    ",Jalisco                                           ,Valle de Guadalupe                                                                                                                                    ,Lerma-Santiago-Pacífico,21.0372,-102.705,AP                                           ,R. El Salto                   ,Libre,1940 ,1814.5,2,1812.5,118.54,1810.16,85,42,1809.24,77.206,0.908306
763260,2004-05-01,ABRAG          ,"Abelardo L. Rodríguez, Ags.                                                                                                                           ","Abelardo L. Rodríguez, Ags.                       ",Aguascalientes                                    ,Jesús María                                                                                                                                           ,Lerma-Santiago-Pacífico,21.9169,-102.428,RI                                           ,R. Morcinique                 ,Libre,1934 ,1890.2,1.47,1890,18.816,1888.88,15.997,25,1882.48,5.063,0.316497
763261,2004-05-01,CRTJL          ,"El Cuarenta, Jal.                                                                                                                                     ","El Cuarenta, Jal.                                 ",Jalisco                                           ,Lagos de Moreno                                                                                                                                       ,Lerma-Santiago-Pacífico,21.4978,-101.738,RI                                           ,A. Azul                       ,Libre,1949 ,2004,2.05005,2001.95,38.96,1998.75,30.625,42,1996.14,24.136,0.788114
763262,2004-05-01,EGCJL          ,"Ing. Elías González Chávez, Jal.                                                                                                                      ","Puente Calderón, Jal.                             ",Jalisco                                           ,Zapotlanejo                                                                                                                                           ,Lerma-Santiago-Pacífico,20.6814,-102.976,AP                                           ,R. Calderón                   ,Libre,1991 ,1622,2,1620,100,1618,80,36,1616.59,67.125,0.839063
763263,2004-05-01,LOBZC          ,"Manuel Felgueres, Zac.                                                                                                                                ","Lobatos, Zac.                                     ",Zacatecas                                         ,Valparaíso                                                                                                                                            ,Lerma-Santiago-Pacífico,22.8367,-103.383,RI                                           ,R. Cuevecillas                ,Libre,1980 ,2082.3,2.12007,2080.18,9.435,2077.05,6.905,35,2077.25,7.622,1.10384
763264,2004-05-01,PALZC          ,"Palomas, Zac.                                                                                                                                         ","Palomas, Zac.                                     ",Zacatecas                                         ,Villanueva                                                                                                                                            ,Lerma-Santiago-Pacífico,22.3472,-102.797,RI                                           ,R. Palomas                    ,Libre,1970 ,1908.34,0.86002,1907.48,8.761,1904.25,4.62,28,1903.46,5.47,1.18398
763265,2004-05-01,CHIZC          ,"El Chique, Zac.                                                                                                                                       ","El Chique, Zac.                                   ",Zacatecas                                         ,Tabasco                                                                                                                                               ,Lerma-Santiago-Pacífico,22,-102.889,RI                                           ,R. Juchipila                  ,Libre,1958 ,1588.48,2.00002,1586.48,192.567,1580.18,138.909,61,1576.16,111.865,0.805311
763266,2004-05-01,MNLAG          ,"Media Luna, Ags.                                                                                                                                      ","Media Luna, Ags.                                  ",Aguascalientes                                    ,Calvillo                                                                                                                                              ,Lerma-Santiago-Pacífico,21.8075,-102.788,RI                                           ,R. Calvillo                   ,Libre,1976 ,1624.1,2.14004,1621.96,21.196,1619.2,15,40.6,1617.5,12,0.8
763267,2004-05-01,STEZC          ,"Independencia Nacional, Zac.                                                                                                                          ",Santa Teresa                                      ,Zacatecas                                         ,Monte Escobedo                                                                                                                                        ,Lerma-Santiago-Pacífico,22.3331,-103.493,RI                                           ,Arroyo Santa Teresa           ,Libre,     ,1951.6,0,1949.33,13.944,1946,9.172,31.6,1944.99,8.547,0.931858
763268,2004-05-01,ACHZC          ,"Achimec, Jal.                                                                                                                                         ","Vaqueros, Jal.                                    ",Jalisco                                           ,Huejúcar                                                                                                                                              ,Lerma-Santiago-Pacífico,22.3258,-103.229,RI                                           ,R. Huejúcar                   ,Libre,1969 ,1846.3,2.02998,1844.27,12.212,1841.5,7.364,28.5,1840.46,7.241,0.983297
763269,2004-05-01,EXCZC          ,"Miguel Alemán, Zac.                                                                                                                                   ","Excamé, Zac.                                      ",Zacatecas                                         ,Tepechitlán                                                                                                                                           ,Lerma-Santiago-Pacífico,21.6494,-103.34,RI                                           ,R. Tlaltenango                ,Contr,     ,1707,2.5,1704.5,70.92,1703.4,64.53,48,1697.44,46.928,0.727228
763270,2004-05-01,CDRAG          ,"La Codorniz, Ags.                                                                                                                                     ","La Codorniz, Ags.                                 ",Aguascalientes                                    ,Calvillo                                                                                                                                              ,Lerma-Santiago-Pacífico,21.9975,-102.677,RI                                           ,R. De La Labor                ,Libre,1966 ,1840,2.23999,1837.76,6.528,1836,5.366,36,1835.42,5.025,0.936452
763282,2004-05-01,ESTJL          ,"El Estribón, Jal.                                                                                                                                     ","El Estribón, Jal.                                 ",Jalisco                                           ,Yahualica de González Gallo                                                                                                                           ,Lerma-Santiago-Pacífico,21.1856,-102.901,RI                                           ,A. Las Pilas                  ,Libre,1946 ,1882.5,1.08997,1881.41,7.74,1880,6.378,29,1877.26,4.456,0.698652
763283,2004-05-01,REDJL          ,"La Red, Jal.                                                                                                                                          ","La Red, Jal.                                      ",Jalisco                                           ,Acatic                                                                                                                                                ,Lerma-Santiago-Pacífico,20.7189,-102.815,RI                                           ,R. Calderón                   ,Libre,1968 ,1796.5,1.80005,1794.7,18.3,1792.5,14.25,24,1784.89,3.699,0.259579
763284,2004-05-01,AGMNR          ,"Aguamilpa Solidaridad, Nay.                                                                                                                           ","Aguamilpa, Nay.                                   ",Nayarit                                           ,Tepic                                                                                                                                                 ,Lerma-Santiago-Pacífico,21.8392,-104.802,GH                                           ,R. Santiago                   ,Contr,1993 ,235,3,232,6950,222,5785.16,187,207.81,4322.06,0.747094
763285,2004-05-01,RSRNR          ,"San Rafael, Nay.                                                                                                                                      ",San Rafael                                        ,Nayarit                                           ,Tepic                                                                                                                                                 ,Lerma-Santiago-Pacífico,21.7808,-104.888,RI/GH                                        ,Río Grande de Santiago        ,Contr,     ,67.85,0,66.1,35.591,63.41,26.179,51.85,59.9,16.3,0.622636
763286,2004-05-01,TENJL          ,"Tenasco, Jal.                                                                                                                                         ","Boquilla de Zaragoza, Jal.                        ",Jalisco                                           ,Santa María de los Ángeles                                                                                                                            ,Lerma-Santiago-Pacífico,22.1719,-103.199,RI                                           ,A. Tenasco                    ,Libre,1960 ,1777,0,1724.84,13.85,1722.85,10.49,32,1722.05,9.53,0.908484
763287,2004-05-01,AOBSO          ,"Álvaro Obregón, Son.                                                                                                                                  ","Oviachic, Son.                                    ",Sonora                                            ,Cajeme                                                                                                                                                ,Noroeste,27.8225,-109.893,AP/GH/RI                                     ,R. Yaqui                      ,Libre,1952 ,115.1,2.9,112.2,4409.75,105.5,3023.15,90,77.1,289,0.0955957
763288,2004-05-01,AGZCH          ,"Abraham González, Chih.                                                                                                                               ","Guadalupe, Chih.                                  ",Chihuahua                                         ,Guerrero                                                                                                                                              ,Noroeste,28.4817,-107.483,RI                                           ,R. Papigochi                  ,Libre,1961 ,2052.9,1.59995,2051.3,102.891,2047.8,79.354,41.9,2035.84,24.929,0.314149
763289,2004-05-01,ARCSO          ,"Adolfo Ruiz Cortines, Son.                                                                                                                            ","Mocúzari, Son.                                    ",Sonora                                            ,Álamos                                                                                                                                                ,Noroeste,27.2261,-109.107,AP/GH/RI                                     ,R. Mayo                       ,Mixto,NA,148,2.53,145.47,1822.14,138.46,1200,88.5,105.38,46.48,0.0387333
763290,2004-05-01,CRRBN          ,"El Carrizo, B.C.                                                                                                                                      ","El Carrizo, B.C.                                  ",Baja California                                   ,Tijuana                                                                                                                                               ,Península de Baja California,32.4794,-116.697,AP                                           ,A. Carrizo                    ,Libre,1978 ,288.34,2.12,286.22,44.585,284.7,40.866,55.8,283.62,36.613,0.895928
763291,2004-05-01,ELZBN          ,"Emilio López Zamora, B.C.                                                                                                                             ","Ensenada, B.C.                                    ",Baja California                                   ,Ensenada                                                                                                                                              ,Península de Baja California,31.8903,-116.603,AP                                           ,A. Ensenada                   ,Libre,1978 ,27,1.74,25.26,6.342,19.89,2.732,34,16.2,1.475,0.539897
763292,2004-05-01,PMHSI          ,"Miguel Hidalgo, Sin.                                                                                                                                  ","El Mahoné, Sin.                                   ",Sinaloa                                           ,El Fuerte                                                                                                                                             ,Pacífico Norte,26.5097,-108.58,AP/GH/RI                                     ,R. Fuerte                     ,Mixto,1956 ,151.4,3.4,148,4171.27,142.36,3312.89,81,101.9,201.87,0.0609347
763304,2004-05-01,FVLDR          ,"Francisco Villa, Dgo.                                                                                                                                 ","El Bosque, Dgo.                                   ",Durango                                           ,Poanas                                                                                                                                                ,Pacífico Norte,24.0017,-103.961,RI                                           ,R. Poanas                     ,Libre,1968 ,1998.7,2.57,1996.13,96.57,1993,73.26,58.7,1991.56,69.8,0.952771
763305,2004-05-01,SELDR          ,"Santa Elena, Dgo.                                                                                                                                     ","Santa Elena, Dgo.                                 ",Durango                                           ,Súchil                                                                                                                                                ,Pacífico Norte,23.6231,-104.054,RI                                           ,R. Graseros                   ,Libre,1977 ,2002.75,1.14001,2001.61,18.766,1999.8,15.08,30.75,1997.92,11.8,0.782493
763306,2004-05-01,ARLSO          ,"Abelardo Rodríguez Luján, Son.                                                                                                                        ","Hermosillo, Son.                                  ",Sonora                                            ,Hermosillo                                                                                                                                            ,Noroeste,29.0767,-110.92,AP                                           ,R. Sonora                     ,Contr,1948 ,231.6,3.20001,228.4,284.47,226.98,219.52,36,215,0.01,4.55539e-5
763307,2004-05-01,LDCSI          ,"Luis Donaldo Colosio, Sin.                                                                                                                            ","Huites, Sin.                                      ",Sinaloa                                           ,Choix                                                                                                                                                 ,Pacífico Norte,26.8447,-108.368,GH                                           ,R. Fuerte                     ,Contr,1995 ,290.75,0.75,290,4567.08,274,3202.16,164.75,218.42,579.08,0.18084
763308,2004-05-01,JLPSI          ,"José López Portillo, Sin.                                                                                                                             ","Comedero, Sin.                                    ",Sinaloa                                           ,Cosalá                                                                                                                                                ,Pacífico Norte,24.5717,-106.807,AP/GH/RI                                     ,R. San Lorenzo                ,Contr,1981 ,290,4.54999,286.95,3966.17,272.16,2580.19,136,230.69,470.7,0.182428
763309,2004-05-01,SBYDR          ,"Santiago Bayacora, Dgo.                                                                                                                               ","Santiago Bayacora, Dgo.                           ",Durango                                           ,Durango                                                                                                                                               ,Pacífico Norte,23.8744,-104.676,RI                                           ,R. Santiago Bayacora          ,Libre,1990 ,1962,0.810059,1965.94,169.869,1959.01,130.047,66.75,1951.35,94.506,0.726707
763310,2004-05-01,SLTSI          ,"Ing. Aurelio Benassini Vizcaíno, Sin.                                                                                                                 ","El Salto o Elota, Sin.                            ",Sinaloa                                           ,Elota                                                                                                                                                 ,Pacífico Norte,24.1219,-106.696,RI                                           ,R. Elota                      ,Libre,1988 ,167.1,2.46,164.64,815.592,154.5,403.9,73,146.75,226.1,0.559792
763311,2004-05-01,LBQCH          ,"La Boquilla, Chih.                                                                                                                                    ","Lago de Toronto, Chih.                            ",Chihuahua                                         ,San Francisco de Conchos                                                                                                                              ,Río Bravo,27.5447,-105.414,GH/RI                                        ,R. Conchos                    ,Libre,1916 ,1322,2.90002,1319.1,3209.63,1317,2846.78,82,1295.12,644.409,0.226364
763312,2004-05-01,EBLSI          ,"Lic. Eustaquio Buelna, Sin.                                                                                                                           ","Guamúchil, Sin.                                   ",Sinaloa                                           ,Salvador Alvarado                                                                                                                                     ,Pacífico Norte,25.4847,-108.066,AP/RI                                        ,R. Mocorito                   ,Contr,1972 ,71.2,2.35,68.85,264.95,63.54,80.08,41,59.51,34.336,0.428771
763313,2004-05-01,JGRSI          ,"Juan Guerrero Alcocer, Sin.                                                                                                                           ","Vinoramas, Sin.                                   ",Sinaloa                                           ,Culiacán                                                                                                                                              ,Pacífico Norte,24.7536,-107.059,RI                                           ,A. El Bledal                  ,Libre,1994 ,178.3,2.02,176.28,102,168.5,54.684,50,156.69,14.2,0.259674
763325,2004-05-01,GVCDR          ,"Presidente Guadalupe Victoria, Dgo.                                                                                                                   ","El Tunal, Dgo.                                    ",Durango                                           ,Durango                                                                                                                                               ,Pacífico Norte,23.9611,-104.753,RI                                           ,R. Tunal                      ,Mixto,1962 ,1934.8,1.69,1934.61,94.617,1931,78.06,72.8,1926.82,65.08,0.833718
763326,2004-05-01,ERECH          ,"El Rejón, Chih.                                                                                                                                       ","El Rejón, Chih.                                   ",Chihuahua                                         ,Chihuahua                                                                                                                                             ,Río Bravo,28.6147,-106.119,AP                                           ,A. El Rejón                   ,Libre,1966 ,1479.8,1.48005,1478.32,7.755,1477,6.528,33,1470.28,2.296,0.351716
763327,2004-05-01,CNTCL          ,"El Centenario, Coah.                                                                                                                                  ","El Centenario, Coah.                              ",Coahuila de Zaragoza                              ,Jiménez                                                                                                                                               ,Río Bravo,29.2136,-100.95,RI                                           ,R. San Diego                  ,Libre,1935 ,338,1.62,336.38,25.711,336.15,24.589,17,335.83,23.735,0.965269
763328,2004-05-01,LFGCL          ,"La Fragua, Coah.                                                                                                                                      ","La Fragua, Coah                                   ",Coahuila de Zaragoza                              ,Jiménez                                                                                                                                               ,Río Bravo,28.82,-100.832,RI                                           ,R. San Rodrigo                ,Libre,1993 ,306.68,2.00001,303.96,85.38,300.3,47.295,24.7,300.35,45.941,0.971371
763329,2004-05-01,MRGTP          ,"Marte Rodolfo Gómez, Tamps.                                                                                                                           ","El Azúcar, Tamps.                                 ",Tamaulipas                                        ,Camargo                                                                                                                                               ,Río Bravo,26.2047,-98.9256,RI                                           ,R. San Juan                   ,Libre,1946 ,86,3,83,2208.66,76.3,781.7,49,78.18,1148.93,1.46979
763330,2004-05-01,PAGCH          ,"Pico del Águila, Chih.                                                                                                                                ","Pico Del Águila, Chih.                            ",Chihuahua                                         ,Coronado                                                                                                                                              ,Río Bravo,26.5464,-105.254,RI                                           ,R. Florido                    ,Libre,1993 ,1625.9,2.5,1619,59.843,1616.9,48.276,42,1612.32,29.649,0.614156
763331,2004-05-01,LLNCH          ,"El Granero, Chih.                                                                                                                                     ","Ing. Luis L. León, Chih.                          ",Chihuahua                                         ,Aldama                                                                                                                                                ,Río Bravo,28.9844,-105.28,RI                                           ,R. Conchos                    ,Contr,1968 ,1053,2.5,1050.5,824.762,1034.8,284.382,62,1029.35,219.361,0.77136
763332,2004-05-01,PSANL          ,"Salinillas, N.L.                                                                                                                                      ","Salinillas, N.L.                                  ",Nuevo León                                        ,Anáhuac                                                                                                                                               ,Río Bravo,27.4292,-100.372,RI                                           ,R. Salado                     ,Libre,1930 ,0,0,232,19.011,232,19.011,10,227.9,2.845,0.14965
763333,2004-05-01,LBCNL          ,"Rodrigo Gómez, N.L.                                                                                                                                   ","La Boca, N.L.                                     ",Nuevo León                                        ,Santiago                                                                                                                                              ,Río Bravo,25.4281,-100.128,AP                                           ,A. La Chueca - San Juan       ,Contr,1961 ,450.04,0.839988,449.2,42.657,448.54,39.49,34,447.49,35.25,0.892631
763334,2004-05-01,LBLTP          ,"Derivadora Las Blancas, Tamps.                                                                                                                        ","Las Blancas, Tamps.                               ",Tamaulipas                                        ,Mier                                                                                                                                                  ,Río Bravo,26.4089,-99.2336,RI                                           ,R. Sombreretillo              ,Libre,2000 ,93.3,1.5,91.8,133.432,89.92,83.784,32.38,89.47,78.292,0.93445
763335,2004-05-01,CCHNL          ,"Cuchillo Solidaridad, N.L.                                                                                                                            ","El Cuchillo, N.L.                                 ",Nuevo León                                        ,China                                                                                                                                                 ,Río Bravo,25.7117,-99.2769,AP/RI                                        ,R. San Juan                   ,Contr,1994 ,169.2,3,166.66,1784.29,162.35,1123.14,44,165.42,1569.77,1.39766
763144,2004-05-01,PMDMX          ,"Madín, Méx.                                                                                                                                           ","Madín, Méx.                                       ",Estado de México                                  ,Naucalpan de Juárez                                                                                                                                   ,Aguas del Valle de México,19.5269,-99.2608,AP                                           ,R. Tlanepantla                ,Contr,1959 ,2348.5,2.46,2346.04,17.964,2336.29,9.37,75,2336.27,15.987,1.70619
763145,2004-05-01,TXMHD          ,"Taxhimay, Méx.                                                                                                                                        ","Taxhimay, Méx.                                    ",Estado de México                                  ,Villa del Carbón                                                                                                                                      ,Aguas del Valle de México,19.8347,-99.3853,RI                                           ,R. San Luis de las P          ,Libre,1912 ,2217.05,7.05,2216.1,47.386,2214.1,39.914,43,2207.42,40.485,1.01431
763146,2004-05-01,ENDHD          ,"Endhó, Hgo.                                                                                                                                           ","Endhó, Hgo.                                       ",Hidalgo                                           ,Tepetitlán                                                                                                                                            ,Aguas del Valle de México,20.1639,-99.36,RI                                           ,R. Tula                       ,Libre,1951 ,2023,3,2020,208.65,2018,182.9,60,2012.08,114.71,0.627173
763147,2004-05-01,SJATL          ,"San José Atlanga, Tlax.                                                                                                                               ","Atlanga,Tlax.                                     ",Tlaxcala                                          ,Atlangatepec                                                                                                                                          ,Balsas,19.5561,-98.2006,RI                                           ,R. Zahuapán                   ,Libre,1959 ,2500,2.32988,2486.87,47.97,2486.4,42.63,24.2,2484.52,34.11,0.800141
763148,2004-05-01,VVCMX          ,"Villa Victoria, Méx.                                                                                                                                  ","Villa Victoria,Méx.                               ",Estado de México                                  ,Villa Victoria                                                                                                                                        ,Balsas,19.4617,-100.056,AP                                           ,R. San Juan Malacate          ,Libre,1944 ,2561.96,0,2607.5,249.943,2605.5,185.723,19,2604.19,148.642,0.800342
763149,2004-05-01,LDTGR          ,"Laguna de Tuxpan, Gro.                                                                                                                                ","Laguna de Tuxpan, Gro.                            ",Guerrero                                          ,Iguala de la Independencia                                                                                                                            ,Balsas,18.3633,-99.5031,RI                                           ,Antiguo canal de riego        ,Libre,1937 ,744.75,0,743.35,19.503,742.84,17.647,8,741.7,13.63,0.772369
763150,2004-05-01,CNPMX          ,"La Concepción, Méx.                                                                                                                                   ","La Concepción, Méx.                               ",Estado de México                                  ,Tepotzotlán                                                                                                                                           ,Aguas del Valle de México,19.695,-99.3044,RI                                           ,R. Tepotzotlán                ,Libre,1949 ,2355.64,3.09996,2352.54,12.599,2352.1,12.111,39,2347.99,8.272,0.683015
763173,2004-05-01,EPOSL          ,"El Potosino, S.L.P.                                                                                                                                   ","El Potosino, S.L.P.                               ",San Luis Potosí                                   ,San Luis Potosí                                                                                                                                       ,Cuencas Centrales del Norte,22.0997,-101.078,RI                                           ,A. El Potosino                ,Libre,1990 ,2000.85,0.150024,2000.85,5.199,1996.8,3.293,30.85,1986.36,0.643,0.195263
763174,2004-05-01,VTRGR          ,"Valerio Trujano, Gro.                                                                                                                                 ","Tepecoacuilco, Gro.                               ",Guerrero                                          ,Tepecoacuilco de Trujano                                                                                                                              ,Balsas,18.2958,-99.4661,AP/RI                                        ,R. Tepecoacuilco              ,Libre,1964 ,844.3,1.51997,842.78,51.727,840,31.014,33.3,836.21,20.313,0.654962
763175,2004-05-01,SJUMC          ,"San Juanico, Mich.                                                                                                                                    ","La Laguna, Mich.                                  ",Michoacán de Ocampo                               ,Cotija                                                                                                                                                ,Balsas,19.8394,-102.651,RI                                           ,R. Cotija                     ,Libre,1950 ,1574.6,0,1604.56,71.69,1603.86,60.545,5.7,1601.62,35.872,0.592485
763176,2004-05-01,ZICMC          ,"Zicuirán, Mich.                                                                                                                                       ","La Peña, Mich.                                    ",Michoacán de Ocampo                               ,La Huacana                                                                                                                                            ,Balsas,18.9211,-101.932,RI                                           ,R. Zicuirán                   ,Libre,1957 ,302.75,1.31,301.44,47.485,299,36.294,46,292.32,24.832,0.68419
763177,2004-05-01,SNJSL          ,"San José, S.L.P.                                                                                                                                      ","San José, S.L.P.                                  ",San Luis Potosí                                   ,San Luis Potosí                                                                                                                                       ,Cuencas Centrales del Norte,22.1503,-101.054,AP                                           ,R. Santiago                   ,Libre,1903 ,1955.5,0.359985,1933.7,5.656,1933.3,5.223,32,1928.88,2.384,0.456443
763178,2004-05-01,ELPSL          ,"Gonzalo N. Santos, S.L.P.                                                                                                                             ","El Peaje, S.L.P.                                  ",San Luis Potosí                                   ,San Luis Potosí                                                                                                                                       ,Cuencas Centrales del Norte,22.0922,-101.099,AP                                           ,A. Grande o Azul              ,Libre,1953 ,2049.6,1.73,2047.87,9.054,2044.85,6.685,39,2037.57,2.775,0.415108
763179,2004-05-01,ANGCP          ,"Doctor Belisario Domínguez, Chis.                                                                                                                     ","La Angostura, Chis.                               ",Chiapas                                           ,Acala                                                                                                                                                 ,Frontera Sur,16.4014,-92.7789,GH                                           ,R. Grijalva                   ,Contr,1976 ,543,3.5,539.5,19736.4,533,13169.6,147,522.37,7507.12,0.570033
763180,2004-05-01,CHLMC          ,"Constitución de Apatzingán, Jal.                                                                                                                      ","Chilatán, Jal.                                    ",Jalisco                                           ,Jilotlán de los Dolores                                                                                                                               ,Balsas,19.2878,-102.774,RI                                           ,R. Grande                     ,Libre,1990 ,440,2.32001,437.68,807.15,429.45,590.025,107,415.54,345.145,0.584967
763181,2004-05-01,INFMC          ,"Infiernillo, Mich.                                                                                                                                    ","Infiernillo, Mich.                                ",Guerrero                                          ,Arteaga                                                                                                                                               ,Balsas,18.2667,-101.883,GH                                           ,R. Balsas                     ,Contr,1964 ,184,0.8,183.2,15194.8,169,9367.77,151.5,162.04,7125.9,0.760683
763182,2004-05-01,APRDR          ,"Ing. Benjamín Ortega Cantero, Dgo.                                                                                                                    ","Agua Puerca, Dgo.                                 ",Durango                                           ,Hidalgo                                                                                                                                               ,Cuencas Centrales del Norte,26.2264,-104.494,RI                                           ,A. Grande del Derrame         ,Libre,1984 ,1436.4,2.30002,1434.1,56.06,1430.2,30.764,34.8,1429.97,37.213,1.20963
763183,2004-05-01,CHICP          ,"Manuel Moreno Torres, Chis.                                                                                                                           ","Chicoasén, Chis.                                  ",Chiapas                                           ,Osumacinta                                                                                                                                            ,Frontera Sur,16.9417,-93.1006,GH                                           ,R. Grijalva                   ,Contr,1980 ,405,7,395,1318.6,392.5,205.98,261,392.42,323.57,1.57088
763195,2004-05-01,TEMOX          ,"Presidente Alemán, Oax.                                                                                                                               ","Temascal, Oax.                                    ",Oaxaca                                            ,San Miguel Soyaltepec                                                                                                                                 ,Golfo Centro,18.2322,-96.4122,GH                                           ,R. Papaloapan                 ,Contr,1955 ,74.79,3.5,68.5,9105.54,66.5,8119.09,76,57.72,4458.77,0.549171
763196,2004-05-01,LDCVC          ,"Canseco, Ver.                                                                                                                                         ","Laguna de Catemaco, Ver.                          ",Veracruz de Ignacio de la Llav                    ,Catemaco                                                                                                                                              ,Golfo Centro,18.4158,-95.1183,GH                                           ,R. Grande                     ,Contr,1960 ,334.5,1,333.5,552.7,332.7,493.02,7.2,332.45,174.6,0.354144
763197,2004-05-01,TIESL          ,"La Muñeca, S.L.P.                                                                                                                                     ","La Muñeca, S.L.P.                                 ",San Luis Potosí                                   ,Tierra Nueva                                                                                                                                          ,Golfo Norte,21.6294,-100.548,AP                                           ,R. Jofre                      ,Libre,1981 ,1843.75,2,1841.75,31,1837.7,24.14,40.25,1828.76,8.498,0.35203
763198,2004-05-01,PEMVC          ,"El Moralillo, Ver.                                                                                                                                    ",Piedra Labrada                                    ,Veracruz de Ignacio de la Llav                    ,Tepetzintla                                                                                                                                           ,Golfo Centro,21.1844,-97.8144,AP                                           ,Río Buenavista                ,Libre,     ,116,0,115.94,8.126,110.78,2.5,15.5,110.77,2.493,0.9972
763199,2004-05-01,CDOOX          ,"Miguel de la Madrid Hurtado, Oax.                                                                                                                     ","Cerro de Oro, Oax.                                ",Oaxaca                                            ,San Lucas Ojitlán                                                                                                                                     ,Golfo Centro,17.9992,-96.2636,CA                                           ,R. Papaloapan                 ,Contr,1988 ,75.6,2.8,70.01,3547.16,64.86,2599.51,70,57.97,1577.76,0.606945
763200,2004-05-01,ZMPHD          ,"Ing. Fernando Hiriart Balderrama, Hgo.                                                                                                                ","Zimapán, Hgo.                                     ",Hidalgo                                           ,Zimapán                                                                                                                                               ,Golfo Norte,20.6633,-99.5011,GH                                           ,R. Moctezuma                  ,Contr,1990 ,1565,2,1563,1460,1560,1390,203,1556.49,1307.87,0.940914
763201,2004-05-01,ERCTP          ,"Estudiante Ramiro Caballero Dorantes, Tamps.                                                                                                          ","Las Ánimas, Tamps.                                ",Tamaulipas                                        ,González                                                                                                                                              ,Golfo Norte,22.605,-98.6917,AP/RI                                        ,A. Las Ánimas                 ,Libre,1976 ,55,2.45,52.55,654.37,51.7,563.443,31.2,49.48,389.36,0.691037
763202,2004-05-01,IDFQT          ,"San Ildefonso, Qro.                                                                                                                                   ","El Tepozán, Qro.                                  ",Querétaro                                         ,Amealco de Bonfil                                                                                                                                     ,Golfo Norte,20.1986,-99.9625,RI                                           ,R. San Juan                   ,Libre,1942 ,2261.93,1.87,2242.5,58.026,2239,47.812,62.7,2227.74,26.299,0.55005
763203,2004-05-01,VNTQT          ,"La Venta, Qro.                                                                                                                                        ","La Venta, Qro.                                    ",Querétaro                                         ,Pedro Escobedo                                                                                                                                        ,Golfo Norte,20.4986,-100.191,RI                                           ,Dren Culebra                  ,Libre,1907 ,1896,0.619946,1907.68,3.777,1906.68,2.479,4.3,1904.68,0.346,0.139572
763204,2004-05-01,SOLPB          ,"La Soledad, Pue.                                                                                                                                      ","La Soledad, Pue.                                  ",Puebla                                            ,Tlatlauquitepec                                                                                                                                       ,Golfo Centro,19.9608,-97.4467,GH                                           ,R. Apulco y Xiucayucan        ,Contr,1962 ,806.5,1.5,805,14.98,804.5,13.9,91.5,798.38,5.058,0.363885
763205,2004-05-01,LCAVC          ,"La Cangrejera, Ver.                                                                                                                                   ","La Crangrejera, Ver.                              ",Veracruz de Ignacio de la Llav                    ,Coatzacoalcos                                                                                                                                         ,Golfo Centro,18.1094,-94.3308,AP                                           ,R. Teapa                      ,Libre,1980 ,23.87,2.22,21.65,31.6,21.25,28.537,15.87,19.53,22.716,0.796019
763216,2004-05-01,CHYVC          ,"Paso de Piedras, Ver.                                                                                                                                 ","Chicayán, Ver.                                    ",Veracruz de Ignacio de la Llav                    ,Pánuco                                                                                                                                                ,Golfo Norte,21.7375,-98.1558,RI                                           ,R. Chicayán                   ,Contr,1979 ,32.25,3.97,28.28,572.32,23.07,220,34,25.38,354.029,1.60922
763217,2004-05-01,SLZTP          ,"Lic. Emilio Portes Gil, Tamps.                                                                                                                        ","San Lorenzo, Tamps.                               ",Tamaulipas                                        ,Xicoténcatl                                                                                                                                           ,Golfo Norte,22.9439,-98.7914,AP/RI                                        ,A. El Sargento                ,Libre,1983 ,125,1.1,123.9,255.65,122.95,230.78,50.4,120.74,182.105,0.789085
763218,2004-05-01,LLAQT          ,"La Llave, Qro.                                                                                                                                        ","Divino Redentor, Qro.                             ",Querétaro                                         ,San Juan del Río                                                                                                                                      ,Golfo Norte,20.4619,-99.9947,RI                                           ,Dren Culebra                  ,Libre,1885 ,0,0.0500244,1891.1,14.414,1890,9.312,5,1888.98,4.751,0.510202
763219,2004-05-01,DNXMX          ,"Danxho, Méx.                                                                                                                                          ","Danxho, Méx.                                      ",Estado de México                                  ,Jilotepec                                                                                                                                             ,Aguas del Valle de México,19.8847,-99.5597,RI                                           ,R. Coscomate                  ,Libre,1951 ,2455.6,0.470117,2455.13,32.67,2454,31.046,31,2451.43,20.561,0.662275
763220,2004-05-01,PIRMX          ,"Ignacio Ramírez, Méx.                                                                                                                                 ","La Gavia, Méx.                                    ",Estado de México                                  ,Almoloya de Juárez                                                                                                                                    ,Lerma-Santiago-Pacífico,19.4617,-99.775,RI                                           ,R. La Gavia                   ,Libre,1965 ,2553.76,3.28002,2550.48,36.3,2548.48,20.5,23.5,2547.28,13.192,0.643512
763221,2004-05-01,TEPMC          ,"Tepuxtepec, Mich.                                                                                                                                     ","Tepuxtepec, Mich.                                 ",Michoacán de Ocampo                               ,Contepec                                                                                                                                              ,Lerma-Santiago-Pacífico,20.0003,-100.229,GH/RI                                        ,R. Lerma                      ,Contr,1930 ,2352,2,2350,537.527,2348.11,449.97,47,2345.1,327.197,0.727153
763222,2004-05-01,SLSGJ          ,"Solís, Gto.                                                                                                                                           ","Solis, Gto.                                       ",Guanajuato                                        ,Acámbaro                                                                                                                                              ,Lerma-Santiago-Pacífico,20.0553,-100.67,RI                                           ,R. Lerma                      ,Contr,1949 ,1901.7,3,1898.7,1214.14,1892.54,800,56.7,1890.3,602.297,0.752871
763223,2004-05-01,LDYGJ          ,"Laguna de Yuriria, Gto.                                                                                                                               ","Bordo de Tavamatacheo, Gto.                       ",Guanajuato                                        ,Yuriria                                                                                                                                               ,Lerma-Santiago-Pacífico,20.2869,-101.073,RI                                           ,R. Lerma                      ,Contr,1550 ,0,0,1731.4,325.195,1730.92,278.79,10,1729.23,131.613,0.472087
763224,2004-05-01,SLDGJ          ,"La Soledad, Gto.                                                                                                                                      ","La Soledad, Gto.                                  ",Guanajuato                                        ,Guanajuato                                                                                                                                            ,Lerma-Santiago-Pacífico,21.04,-101.28,AP                                           ,R. Santa Ana                  ,Libre,1956 ,2211.4,2.2501,2209.15,2.371,2207.75,1.857,51,2203.14,3.003,1.61712
763225,2004-05-01,GLNGJ          ,"La Golondrina, Gto.                                                                                                                                   ","La Golondrina,Gto.                                ",Guanajuato                                        ,Pénjamo                                                                                                                                               ,Lerma-Santiago-Pacífico,20.4392,-101.743,RI                                           ,R. Penjamo                    ,Libre,1968 ,1838.7,1.58,1837.12,5.97,1835.2,4.67,45.7,1830.74,3.55,0.760171
763226,2004-05-01,AMEMC          ,"Aristeo Mercado, Mich.                                                                                                                                ","Wilson ,Mich.                                     ",Michoacán de Ocampo                               ,Jiménez                                                                                                                                               ,Lerma-Santiago-Pacífico,19.9261,-101.661,RI                                           ,A. sin nombre                 ,Libre,1926 ,1999.83,6.03,1993.8,28.305,1993.5,25.344,9.2,1990.59,1.964,0.0774937
763249,2004-05-01,PTRAG          ,"Derivadora Pabellón, Ags.                                                                                                                             ","Derecha Potrerillos, Ags.                         ",Aguascalientes                                    ,Rincón de Romos                                                                                                                                       ,Lerma-Santiago-Pacífico,22.235,-102.438,RI                                           ,R. San Pedro                  ,Libre,1931 ,2099.86,0,2093,2.1,2092.6,2.038,35,2086.47,1.226,0.60157
763250,2004-05-01,JCQAG          ,"Jocoque, Ags.                                                                                                                                         ","Derecha Jocoque, Ags.                             ",Aguascalientes                                    ,San José de Gracia                                                                                                                                    ,Lerma-Santiago-Pacífico,22.1217,-102.357,RI                                           ,R. San Pedro                  ,Libre,1929 ,1944.95,1.54998,1943.4,11.4,1942.45,10.975,44,1941.96,10.622,0.967836
763251,2004-05-01,NGRAG          ,"El Niágara, Ags.                                                                                                                                      ","El Niágara, Ags.                                  ",Aguascalientes                                    ,Aguascalientes                                                                                                                                        ,Lerma-Santiago-Pacífico,21.78,-102.372,RI                                           ,R. Aguascalientes             ,Libre,1963 ,1833,0.599976,1832.4,31.695,1828.4,16.188,31.5,1827.18,13.037,0.80535
763252,2004-05-01,LCLJL          ,"La Colonia, Jal.                                                                                                                                      ","La Colonia, Jal.                                  ",Jalisco                                           ,Zapotlán del Rey                                                                                                                                      ,Lerma-Santiago-Pacífico,20.43,-102.932,RI                                           ,A. Los Sabinos                ,Libre,1927 ,0,0,103.4,6.5,103,5.775,6,101.4,2.085,0.361039
763253,2004-05-01,IALGJ          ,"Ignacio Allende, Gto.                                                                                                                                 ","La Begoña, Gto.                                   ",Guanajuato                                        ,San Miguel de Allende                                                                                                                                 ,Lerma-Santiago-Pacífico,20.8481,-100.826,RI                                           ,R. de la Laja                 ,Contr,1968 ,1834.7,2.04998,1833.33,241.41,1830.75,170.79,43,1825.72,93.15,0.545407
763254,2004-05-01,SRSJL          ,"Manuel M. Diéguez, Jal.                                                                                                                               ","Santa Rosa, Jal.                                  ",Jalisco                                           ,Amatitán                                                                                                                                              ,Lerma-Santiago-Pacífico,20.9089,-103.706,GH                                           ,R. Santiago                   ,Contr,1964 ,747,0.5,748,418,746.46,393.36,114,727.88,228.26,0.580283
763255,2004-05-01,ANVAG          ,"Cincuenta Aniversario, Ags.                                                                                                                           ",San José de Gracia                                ,Aguascalientes                                    ,San José de Gracia                                                                                                                                    ,Lerma-Santiago-Pacífico,22.1886,-102.464,AP/RI                                        ,Río Blanco                    ,Libre,     ,89.2,0,2088.57,5.039,2086,4.1,39.2,2084.33,3.649,0.89
763256,2004-05-01,PECAG          ,"Plutarco Elías Calles, Ags.                                                                                                                           ","Calles, Ags.                                      ",Aguascalientes                                    ,San José de Gracia                                                                                                                                    ,Lerma-Santiago-Pacífico,22.1411,-102.417,AP/RI                                        ,R. Santiago                   ,Libre,1931 ,2022.6,0.6,2022,407.438,2020,358.121,67,2004.85,93.65,0.261504
763257,2004-05-01,TAYZC          ,"Ing. Julián Adame Alatorre, Zac.                                                                                                                      ","Tayahua, Zac.                                     ",Zacatecas                                         ,Villanueva                                                                                                                                            ,Lerma-Santiago-Pacífico,22.1208,-102.859,RI                                           ,R. Juchipila                  ,Libre,1976 ,1701.7,0.289966,1701.41,50.377,1696.01,31.598,54.3,1692.25,24.648,0.780049
763258,2004-05-01,POLJL          ,"Ing. Guillermo Lugo Sanabria, Jal.                                                                                                                    ","La Pólvora, Jal.                                  ",Jalisco                                           ,Degollado                                                                                                                                             ,Lerma-Santiago-Pacífico,20.4911,-102.232,RI                                           ,R. Huascato                   ,Libre,1989 ,1669.1,4.1,1665,56.15,1663.46,51.675,69,1658.16,38.752,0.749918
763259,2004-05-01,LDCJL          ,"Lago de Chapala, Jal.                                                                                                                                 ","Chapala, Jal.                                     ",Jalisco                                           ,Chapala                                                                                                                                               ,Lerma-Santiago-Pacífico,20.2906,-103.202,AP                                           ,R. Lerma                      ,Libre,     ,0,0,99,9279.71,98,8126.41,0,94.03,3730.2,0.459022
763271,2004-05-01,CUQJL          ,"Cuquío, Jal.                                                                                                                                          ","Los Gigantes, Jal.                                ",Jalisco                                           ,Cuquío                                                                                                                                                ,Lerma-Santiago-Pacífico,20.9481,-103.039,RI                                           ,A. Achichilco                 ,Libre,1967 ,1808.5,1.92004,1806.58,8.85,1805.5,7.5,24,1803.25,4.875,0.65
763272,2004-05-01,BTEZC          ,"Ramón López Velarde, Zac.                                                                                                                             ","Boca del Tesorero, Zac.                           ",Zacatecas                                         ,Jerez                                                                                                                                                 ,Lerma-Santiago-Pacífico,22.8236,-102.952,RI                                           ,R. Jeréz                      ,Libre,1975 ,2100.5,2.34009,2098.16,36.744,2096,26.22,30,2096.04,27.153,1.03558
763273,2004-05-01,TCTJL          ,"Tacotán, Jal.                                                                                                                                         ","Tacotán, Jal.                                     ",Jalisco                                           ,Unión de Tula                                                                                                                                         ,Lerma-Santiago-Pacífico,20.0361,-104.32,RI                                           ,R. Ayutla                     ,Libre,1960 ,1407.5,1.20996,1406.29,169,1403.06,149.239,68.5,1402.92,148.581,0.995591
763274,2004-05-01,TMLJL          ,"Ramón Corona Madrigal General, Jal.                                                                                                                   ","Trigomil, Jal.                                    ",Jalisco                                           ,Ayutla                                                                                                                                                ,Lerma-Santiago-Pacífico,19.9761,-104.37,RI                                           ,R. Ayuquila                   ,Libre,1993 ,1209.34,2.94001,1209.36,324,1201.4,250,107,1176.29,91.52,0.36608
763275,2004-05-01,VEGJL          ,"Ing. Santiago Camarena, Jal.                                                                                                                          ","La Vega, Jal.                                     ",Jalisco                                           ,Teuchitlán                                                                                                                                            ,Lerma-Santiago-Pacífico,20.5964,-103.846,RI                                           ,R. Ameca                      ,Libre,1960 ,1261,2.14001,1258.86,80,1257,44.035,18,1256.38,33.59,0.762802
763276,2004-05-01,VILZC          ,"José María Morelos, Zac.                                                                                                                              ","La Villita, Zac.                                  ",Zacatecas                                         ,Tepechitlán                                                                                                                                           ,Lerma-Santiago-Pacífico,21.6047,-103.338,RI                                           ,A. San Pedro                  ,Libre,1986 ,1833.2,2.01006,1831.19,11.165,1829,9.018,39.2,1827.53,8.677,0.962187
763277,2004-05-01,BBAJL          ,"Basilio Vadillo, Jal.                                                                                                                                 ","Las Piedras, Jal.                                 ",Jalisco                                           ,El Limón                                                                                                                                              ,Lerma-Santiago-Pacífico,19.9136,-104.061,RI                                           ,R. Tuxcacuesco                ,Libre,1973 ,982.8,2.7,978.97,146.888,974.35,124.75,96,964.64,102.572,0.82222
763278,2004-05-01,CRNJL          ,"Corrinchis, Jal.                                                                                                                                      ",Corrinchis                                        ,Jalisco                                           ,Mascota                                                                                                                                               ,Lerma-Santiago-Pacífico,20.4797,-104.781,RI                                           ,Río Mascota                   ,Libre,     ,1337,0,1336.1,29,1332.6,20,38,1328.72,12.388,0.6194
763279,2004-05-01,LDACM          ,"Laguna de Amela, Col.                                                                                                                                 ","Tecomán, Col.                                     ",Colima                                            ,Tecomán                                                                                                                                               ,Lerma-Santiago-Pacífico,18.8092,-103.774,RI                                           ,Canal Bajo Amela y Dren Zanja ,Libre,     ,10.89,3.25,7.64,41.3,7.39,38.343,6.35,6.37,27.129,0.707535
763280,2004-05-01,CPEJL          ,"Cajón de Peña, Jal.                                                                                                                                   ","Tomatlán, Jal.                                    ",Jalisco                                           ,Tomatlán                                                                                                                                              ,Lerma-Santiago-Pacífico,19.9975,-105.13,RI                                           ,R. Tomatlán                   ,Contr,1976 ,142,2.8,139.2,707.62,131.66,500,68,127.42,398.18,0.79636
763281,2004-05-01,LCDSO          ,"Lázaro Cárdenas, Son.                                                                                                                                 ","La Angostura, Son.                                ",Sonora                                            ,Nacozari de García                                                                                                                                    ,Noroeste,30.4378,-109.379,RI                                           ,R. Bavispe                    ,Libre,1942 ,843.75,3.59998,840.15,1116.46,830.7,703.38,91.75,804.46,64.074,0.0910944
763293,2004-05-01,GDOSI          ,"Gustavo Díaz Ordaz, Sin.                                                                                                                              ","Bacurato, Sin.                                    ",Sinaloa                                           ,Sinaloa                                                                                                                                               ,Pacífico Norte,25.8567,-107.911,AP/GH/RI                                     ,R. Sinaloa                    ,Contr,1981 ,256,3.5,252.5,2687.07,237.06,1618.75,116,202.9,370.76,0.229041
763294,2004-05-01,IRASO          ,"Ignacio R. Alatorre, Son.                                                                                                                             ","Punta de Agua, Son.                               ",Sonora                                            ,Guaymas                                                                                                                                               ,Noroeste,28.4264,-110.397,RI                                           ,R. San Marcial o Mátape       ,Libre,1972 ,105,2.29,102.71,29.69,100,16.16,30,96.47,6.973,0.431498
763295,2004-05-01,ALRBN          ,"Abelardo L. Rodríguez, B.C.                                                                                                                           ","Tijuana, B.C.                                     ",Baja California                                   ,Tijuana                                                                                                                                               ,Península de Baja California,32.4447,-116.908,AP                                           ,R. Tijuana                    ,Contr,1937 ,127,2,125,121.392,115.85,76.9,72,89.96,10.544,0.137113
763296,2004-05-01,JORSI          ,"Josefa Ortiz de Domínguez, Sin.                                                                                                                       ","El Sabino, Sin.                                   ",Sinaloa                                           ,El Fuerte                                                                                                                                             ,Pacífico Norte,26.4269,-108.703,AP/RI                                        ,A. Alamos                     ,Contr,1967 ,113.5,2.93,112.65,685.11,109.5,519.28,44,94.57,64.24,0.12371
763297,2004-05-01,GBESI          ,"Ing. Guillermo Blake Águilar, Sin.                                                                                                                    ","El Sabinal, Sin.                                  ",Sinaloa                                           ,Sinaloa                                                                                                                                               ,Pacífico Norte,26.1031,-108.328,AP/RI                                        ,A. Ocoroni                    ,Libre,1985 ,201.2,4.59,196.61,469.2,188.45,294.58,81.2,166.24,54.52,0.185077
763298,2004-05-01,ALMSI          ,"Adolfo López Mateos, Sin.                                                                                                                             ","El Humaya o El Varejonal, Sin.                    ",Sinaloa                                           ,Badiraguato                                                                                                                                           ,Pacífico Norte,25.1014,-107.388,AP/RI                                        ,R. Humaya                     ,Libre,1964 ,186.5,3.02,183.48,4034.52,176,3086.61,105.5,143.54,600.19,0.19445
763299,2004-05-01,SNLSI          ,"Sanalona, Sin.                                                                                                                                        ","Sanalona, Sin.                                    ",Sinaloa                                           ,Culiacán                                                                                                                                              ,Pacífico Norte,24.815,-107.151,AP/GH/RI                                     ,R. Tamazula                   ,Libre,1948 ,165,2.83,162.17,987.522,156.2,687.988,81,140.27,182.2,0.26483
763300,2004-05-01,TRJCM          ,"Solidaridad, Jal.                                                                                                                                     ","Trojes, Jal.                                      ",Jalisco                                           ,Pihuamo                                                                                                                                               ,Lerma-Santiago-Pacífico,18.9672,-103.397,RI                                           ,R. El Cajón                   ,Libre,1994 ,303.6,0,301.11,285.742,292.37,203.388,87,282.75,153.69,0.755649
763301,2004-05-01,PECSO          ,"Plutarco Elías Calles, Son.                                                                                                                           ","El Novillo, Son.                                  ",Sonora                                            ,Soyopa                                                                                                                                                ,Noroeste,28.9767,-109.642,GH                                           ,R. Yaqui                      ,Contr,1964 ,297.8,1.00001,296.8,3511.96,290.5,2833.07,133.8,254.29,569.305,0.20095
763302,2004-05-01,CHTSO          ,"Cuauhtémoc, Son.                                                                                                                                      ","Santa Teresa, Son.                                ",Sonora                                            ,Tubutama                                                                                                                                              ,Noroeste,30.8733,-111.516,RI                                           ,R. Altar                      ,Libre,1950 ,603,2.75,600.25,66.33,597,41.47,57.2,588.67,20.01,0.482517
763303,2004-05-01,PMOSO          ,"Ing. Rodolfo Félix Valdés, Son.                                                                                                                       ","El Molinito, Son.                                 ",Sonora                                            ,Hermosillo                                                                                                                                            ,Noroeste,29.2125,-110.726,AP                                           ,R. Sonora                     ,Libre,     ,295.4,2.00001,293.4,222.47,289.36,121.202,31.4,272.51,4.549,0.0375324
763314,2004-05-01,PAGDR          ,"Peña del Águila, Dgo.                                                                                                                                 ","Peña Del Águila, Dgo.                             ",Durango                                           ,Durango                                                                                                                                               ,Pacífico Norte,24.2039,-104.657,RI                                           ,R. La Sauceda                 ,Libre,1954 ,1896.8,1.52998,1895.27,54.902,1892.5,27.948,25,1891.16,22.735,0.813475
763315,2004-05-01,RMEGR          ,"Revolución Mexicana, Gro.                                                                                                                             ","El Guineo, Gro.                                   ",Guerrero                                          ,Ayutla de los Libres                                                                                                                                  ,Pacífico Sur,16.8236,-99.1661,RI                                           ,R. Nexpa                      ,Libre,1984 ,110.7,3.11,107.59,259.502,94.4,126.694,70.7,84.96,65.2,0.514626
763316,2004-05-01,CHUCH          ,"Chihuahua, Chih.                                                                                                                                      ","Chihuahua, Chih.                                  ",Chihuahua                                         ,Chihuahua                                                                                                                                             ,Río Bravo,28.5706,-106.168,AP                                           ,R. Chuviscar                  ,Libre,1960 ,1546,1.71997,1544.28,35.631,1540.82,23.383,58,1532.36,8.387,0.358679
763317,2004-05-01,SMGCL          ,"San Miguel, Coah.                                                                                                                                     ","San Miguel, Coah.                                 ",Coahuila de Zaragoza                              ,Jiménez                                                                                                                                               ,Río Bravo,29.0342,-100.954,AP/RI                                        ,R. San Diego                  ,Libre,1935 ,343.5,1.54001,341.96,22.193,341.74,21.168,15,340.76,16.638,0.785998
763318,2004-05-01,JDMOX          ,"Presidente Benito Juárez, Oax.                                                                                                                        ","Bordo Benito Juárez, Oax.                         ",Oaxaca                                            ,Santa María Jalapa del Marqués                                                                                                                        ,Pacífico Sur,16.4456,-95.3978,RI                                           ,R. Tehuantepec                ,Libre,1961 ,138.4,2.64999,139.85,1726.75,124.25,720.317,85.5,116.97,609.83,0.846613
763319,2004-05-01,SGBDR          ,"San Gabriel, Dgo.                                                                                                                                     ","San Gabriel, Dgo.                                 ",Durango                                           ,Ocampo                                                                                                                                                ,Río Bravo,26.4367,-105.561,RI                                           ,R. Florido                    ,Libre,1991 ,1785.6,2.20999,1783.39,377.338,1777.9,245.431,48,1768.52,101.084,0.411863
763320,2004-05-01,FIMCH          ,"Las Vírgenes, Chih.                                                                                                                                   ","Francisco I. Madero, Chih.                        ",Chihuahua                                         ,Rosales                                                                                                                                               ,Río Bravo,28.1661,-105.629,RI                                           ,R. San Pedro                  ,Libre,1949 ,1243.8,1.23994,1242.56,456.461,1239.3,333.315,57,1232.15,199.647,0.598974
763321,2004-05-01,CILAAMSMX      ,"Internacional La Amistad, Coah.                                                                                                                       ","La Amistad, Coah.                                 ",Coahuila de Zaragoza                              ,Acuña                                                                                                                                                 ,Río Bravo,29.4469,-101.057,AP/RI                                        ,R. Bravo                      ,Contr,1968 ,351.22,0,349.03,2707.44,340.46,1769.66,87.57,332.47,225.199,0.127255
763322,2004-05-01,CILAFLCMX      ,"Internacional Falcón, Tamps.                                                                                                                          ","Falcón, Tamps.                                    ",Tamaulipas                                        ,Guerrero                                                                                                                                              ,Río Bravo,26.5603,-99.1706,AP/RI                                        ,R. Bravo                      ,Contr,1953 ,98.45,0,93.482,1607.96,91.81,1351.63,50,87.01,1054.31,0.780028
763323,2004-05-01,VCRCL          ,"Venustiano Carranza, Coah.                                                                                                                            ","Don Martín, Coah.                                 ",Coahuila de Zaragoza                              ,Juárez                                                                                                                                                ,Río Bravo,27.515,-100.616,AP/RI                                        ,R. Sabinas                    ,Contr,1932 ,265.8,4.00001,261.8,1322.37,259.24,874.1,38.86,258.13,710.555,0.812899
763324,2004-05-01,CBRDR          ,"Caboraca, Dgo.                                                                                                                                        ","Canoas, Dgo.                                      ",Durango                                           ,Canatlán                                                                                                                                              ,Pacífico Norte,24.5383,-104.81,RI                                           ,R. La Sauceda                 ,Libre,1992 ,2003.75,2.46997,2001.28,57.88,1998.25,45,37,1996.62,38.116,0.847022
763336,2004-05-01,LJSCH          ,"Las Lajas, Chih.                                                                                                                                      ","Las Lajas, Chih.                                  ",Chihuahua                                         ,Buenaventura                                                                                                                                          ,Río Bravo,29.88,-107.026,RI                                           ,R. El Carmen o Santa Clara    ,Libre,1964 ,1563.8,2.18,1561.62,106.547,1558.7,83.266,47,1545.66,23.32,0.280066
763337,2004-05-01,TNTCH          ,"El Tintero, Chih.                                                                                                                                     ","El Tintero, Chih.                                 ",Chihuahua                                         ,Buenaventura                                                                                                                                          ,Río Bravo,29.5625,-107.384,RI                                           ,R. Santa María                ,Libre,1950 ,1712,2.96997,1709.03,216.703,1703,125.075,56,1688.96,31.469,0.251601
763338,2004-05-01,CPRNL          ,"José López Portillo, N.L.                                                                                                                             ","Cerro Prieto, N.L.                                ",Nuevo León                                        ,Linares                                                                                                                                               ,Río Bravo,24.9375,-99.3997,AP                                           ,A. Pablillo - Hualauises      ,Contr,1984 ,288,2.5,285.5,393,282.52,300,50,282.87,309.722,1.03241
763339,2004-05-01,TMPTP          ,"Tampico, Tamps.                                                                                                                                       ",Sistema lagunario Chairel                         ,Tamaulipas,Tampico                                                                                                                                               ,Golfo Norte,22.2383,-97.8761,                                             ,L. El Chairel                 ,Libre,     ,NA,0,1.4,854,1,676,NA,0.76,569,0.841716
763163,2004-05-01,YOSOX          ,"Yosocuta, Oax.                                                                                                                                        ",San Marcos Arteaga                                ,Oaxaca                                            ,San Marcos Arteaga                                                                                                                                    ,Balsas,17.7244,-97.8261,RI/AP                                        ,Río Huajuapan                 ,Libre,     ,1513.7,0,1512.55,57.26,1509.7,47.226,53.7,1507.34,40.252,0.852327
763164,2004-05-01,SABMC          ,"Sabaneta, Mich.                                                                                                                                       ","Sabaneta, Mich.                                   ",Michoacán de Ocampo                               ,Hidalgo                                                                                                                                               ,Balsas,19.6228,-100.669,RI                                           ,A. Los Charcos                ,Libre,1948 ,2494.9,2.05,2508.95,5.875,2508,5.043,17,2507.98,5.171,1.02538
763165,2004-05-01,DBOMC          ,"El Bosque, Mich.                                                                                                                                      ","El Bosque, Mich.                                  ",Michoacán de Ocampo                               ,Zitácuaro                                                                                                                                             ,Balsas,19.3878,-100.421,AP                                           ,R. San Juan                   ,Libre,1954 ,1745,2,1743,220.1,1741.4,202.4,70,1734.8,136.54,0.674605
763166,2004-05-01,RODMR          ,"El Rodeo, Mor.                                                                                                                                        ","El Rodeo, Mor.                                    ",Morelos                                           ,Miacatlán                                                                                                                                             ,Balsas,18.7653,-99.3314,RI                                           ,R. Tembembe                   ,Libre,1974 ,1166.5,2.30005,1166.5,33.137,1164.2,26.984,8,1155.7,8.55,0.316854
763167,2004-05-01,LOLMC          ,"Los Olivos, Mich.                                                                                                                                     ","Los Olivos, Mich.                                 ",Michoacán de Ocampo                               ,Tepalcatepec                                                                                                                                          ,Balsas,19.2108,-102.866,RI                                           ,Los Otates                    ,Libre,1961 ,423,2,421,16.271,418,10.262,37,412.92,13.18,1.28435
763168,2004-05-01,ECAGR          ,"Ing. Carlos Ramírez Ulloa, Gro.                                                                                                                       ","El Caracol, Gro.                                  ",Guerrero                                          ,General Heliodoro Castillo                                                                                                                            ,Balsas,17.9478,-99.9956,GH                                           ,R. Balsas                     ,Contr,1986 ,526,2.4,523.6,1183.23,521,1057.29,126,513.78,1247.06,1.17949
763169,2004-05-01,VILMC          ,"José María Morelos y Pavón, Mich.                                                                                                                     ","La Villita, Mich.                                 ",Michoacán de Ocampo                               ,Lázaro Cárdenas                                                                                                                                       ,Balsas,18.0483,-102.18,AP/GH/RI                                     ,R. Balsas                     ,Contr,1973 ,59.73,3,56.73,686.94,51.2,545.93,73,50.4,514.9,0.943161
763170,2004-05-01,FZRDR          ,"Francisco Zarco, Dgo.                                                                                                                                 ","Las Tórtolas, Dgo.                                ",Durango                                           ,Cuencamé                                                                                                                                              ,Cuencas Centrales del Norte,25.2708,-103.774,RI                                           ,R. Nazas                      ,Contr,1968 ,1213,2.94995,1210.05,383.16,1208.2,309.24,39.5,1204.67,249.76,0.807657
763171,2004-05-01,ELCZC          ,"El Cazadero, Zac.                                                                                                                                     ","El Cazadero, Zac                                  ",Zacatecas                                         ,Río Grande                                                                                                                                            ,Cuencas Centrales del Norte,23.6931,-103.094,RI                                           ,R. Aguanaval                  ,Libre,1964 ,1920.12,1.50006,1919.94,44.68,1916,22.178,27.12,1913.48,16.466,0.742447
763172,2004-05-01,STRZC          ,"Santa Rosa, Zac.                                                                                                                                      ","Santa Rosa, Zac.                                  ",Zacatecas                                         ,Fresnillo                                                                                                                                             ,Cuencas Centrales del Norte,22.9258,-103.113,RI                                           ,A. El Arenal                  ,Libre,1937 ,2250.19,0.550107,2249.64,14.041,2248.64,10.476,15,2247.88,8.926,0.852043
